function [beta,theta] = getVoigtParams(xDisp, refValue)
%GETVOIGTPARAMS - Get beta and phase parameter for voigt function
%   This FMR-Library function calculates the closest beta (portion of
%   gaussian in the function) and phase of lorentzian for a given reference
%   value and the displacement of the maxima with respect to the center.
%
%   Syntax
%     GETVOIGTPARAMS(xDisp, refValue)
%
%   Input Arguments
%     xDisp - Displacement of maxima with respect to the center of resonance
%       numeric scalar
%     refValue - Reference value (Half Width at Fourth Maximum / HWHM)
%       numeric scalar
arguments
    xDisp (1,1) {mustBeNumeric}
    refValue (1,1) {mustBeNumeric}
end
    M= [1.73198834031856	1.75222937865634	1.77266711427721	1.79326273587391	1.81397622847323	1.83476669478528	1.85559268734764	1.87641254435502	1.89718472210923	1.91786811732916	1.93842237310236	1.95880816299515	1.97898744872184	1.99892370775141	2.01858212825028	2.03792976977365	2.05693568908269	2.07557103134573	2.09700501354416	2.11481443630491	2.13217772963017	2.15224272558511	2.16864286180239	2.18454113496939	2.20304595089551	2.22098461140040	2.23526346651494	2.25205151892401	2.26823633150981	2.28080312766556	2.29578442871369	2.31014148617417	2.32386985033627	2.33985366434610	2.35228502347264	2.36408088518503	2.37802671489127	2.38851952976688	2.40109237225162	2.41296080867220	2.42412692396317	2.43459324803959	2.44436252186541	2.45343746721945	2.46429820046518	2.47438979111986	2.48132709909336	2.48993706842974	2.50009876123072	2.50716000586931	2.51569535995835
        1.73180097787401	1.75204057429300	1.77247740633830	1.79307264988759	1.81378627349096	1.83457736011542	1.85540443972356	1.87622582556393	1.89699994709380	1.91768567276124	1.93824261641589	1.95863142185498	1.97881402089670	1.99875386135258	2.01841610229335	2.03776777501815	2.05677790910383	2.07541762379355	2.09685623264643	2.11467031845311	2.13203836156095	2.15210845136137	2.16851349349670	2.18755542149256	2.20292687935861	2.22087098631917	2.23515484259839	2.25194840620814	2.26813875931239	2.28371684520479	2.29569731388618	2.31005987434796	2.32379371459434	2.33978368308152	2.35222044842688	2.36402165612484	2.37797352919925	2.38847155662210	2.40105031191365	2.41292458387527	2.42409644684411	2.43456842251777	2.44434324593673	2.45342363514005	2.46429046071680	2.47438800787911	2.48133040779551	2.48994607058410	2.50011400028279	2.50718064087223	2.51572189237810
        1.73148883798379	1.75172601747127	1.77216133011794	1.79275593050427	1.81346975976498	1.83426186799351	1.85509074754681	1.87591467010512	1.89669202038468	1.91738161970839	1.93794303318362	1.95833685497638	1.97852496705965	1.99847076779670	2.01813936774640	2.03749775109644	2.05651490210021	2.07516189677806	2.09660820638084	2.11443005708770	2.13180600997066	2.15188457988979	2.16829779264863	2.18734856347468	2.20272832562038	2.22068150188002	2.23497368898125	2.25177643077146	2.26797601151755	2.28356334587360	2.29555198643395	2.30992371379582	2.32658655570066	2.33966689729363	2.35211267045399	2.36392278622882	2.37788472896986	2.38839144348674	2.40098005261557	2.41286405055574	2.42404549390669	2.43452689058930	2.44431096568781	2.45340043092402	2.46427741409600	2.47438489319493	2.48133578414594	2.49231136247566	2.50013927233807	2.50721491220680	2.51576599978999
        1.73105211633802	1.75128588321291	1.77171904042079	1.79231271285681	1.81302680337178	1.83382031610372	1.85465169080267	1.87547914097146	1.89626098868820	1.91695598928478	1.93752363960213	1.95792446428741	1.97812027549030	1.99807440230441	2.01775188733015	2.03711964875954	2.05614660735704	2.07800481793805	2.09626084767351	2.11409355496530	2.13148056791302	2.15157098990570	2.16799562921033	2.18705876127693	2.20245013852875	2.22041599480848	2.23471983574862	2.25153541200872	2.26774789771180	2.28334816749398	2.29832886948498	2.31268425748354	2.32641001626662	2.33950308217654	2.35196146087957	2.36378404392360	2.37776007863915	2.38827895400999	2.40088135666719	2.41277897105898	2.42397382879568	2.43446841834239	2.44426545066990	2.45336762847991	2.46425883999916	2.47438023303039	2.48134302075275	2.49233354764089	2.50017438758118	2.50726263906433	2.51582751192653
        1.73049108577069	1.75072041528114	1.77115075259004	1.79174318465512	1.81245756527621	1.83325283962421	1.85408737988336	1.87491932478839	1.89570691588064	1.91640882361744	1.93698445701943	1.95739425128882	1.97759992873020	1.99756472929995	2.01725360814736	2.03663339854041	2.05567293954879	2.07754439830285	2.09581403476216	2.11366067627394	2.13106188617206	2.15116751237994	2.16760682200884	2.18668581523125	2.20209210767079	2.22007423785733	2.23439304643450	2.25122509857038	2.26745415286665	2.28307103264214	2.29806833891743	2.31244028270857	2.32618251041177	2.33929192442422	2.35176650089625	2.36360510624482	2.37759924951829	2.38813375828362	2.40075389213049	2.41266901333889	2.42388112112704	2.43439267866073	2.44420637846863	2.45332491135592	2.46423442950259	2.47437372751643	2.48374786245594	2.49236159473722	2.50021907974016	2.50732356771109	2.51590618974547
        1.72980609521817	1.75002992500641	1.77045674121731	1.79104758480138	1.81176224987667	1.83255960972933	1.85339795407557	1.87423533031554	1.89502988155212	1.91574017445976	1.93632551064318	1.95674621587987	1.97696390254629	1.99694170152912	2.01664446096865	2.03603891021784	2.05509378838770	2.07698138273748	2.09526761129358	2.11313124691275	2.13373129907129	2.15067393120248	2.16713113958058	2.18622947041740	2.20165396451278	2.21965594108582	2.23707747270651	2.25084516980905	2.26709443884251	2.28273158728749	2.29774915874143	2.31214131203159	2.32590364669357	2.33903302363622	2.35152738288980	2.36621175386099	2.37740182089487	2.39071078591157	2.40059723365702	2.41253375164100	2.42376694701657	2.43429925160098	2.44413333493622	2.45579463121536	2.46420378530261	2.47436499075250	2.48376052648997	2.49239514521897	2.50027300556963	2.50739737089852	2.51600172477161
        1.72899756850393	1.74921478990403	1.76963733861172	1.79022620173510	1.81094110325511	1.83174083177688	1.85258357971927	1.87342728661224	1.89422997921394	1.91495010147419	1.93554682793051	1.95598035488427	1.97621216461860	1.99620525893070	2.01592435930568	2.03533607210503	2.05761251672279	2.07631560261118	2.09462138639071	2.11250505478514	2.13312645192912	2.15008998398247	2.16656830116264	2.18568941789395	2.20113538378316	2.21916075342333	2.23660596806071	2.25039523756679	2.26666834625641	2.28232940270530	2.29737088287360	2.31178688406330	2.32557295050942	2.33872589410060	2.35124361212764	2.36595432966242	2.37716728144842	2.39050215706641	2.40041086357648	2.41237266739771	2.42363078978047	2.43418762490170	2.44404581451550	2.45573410436856	2.46416642166489	2.47435355057569	2.48377441573618	2.49243375975635	2.50033574420571	2.50748364712183	2.51611373826450
        1.72806600303326	1.74827545217026	1.76869293311579	1.78927937159441	1.80999441121526	1.83079674325918	1.85164444811050	1.87249534093237	1.89330731422591	1.91403867023173	1.93464843669734	1.95509666030397	1.97534467296983	1.99535532726892	2.01509319826924	2.03452475015128	2.05682195020211	2.07554685815292	2.09387513465168	2.11178185006240	2.13242777733379	2.14941536291160	2.16907763638880	2.18506529608042	2.20366373859644	2.21858826446098	2.23606072825228	2.24987484825102	2.26617539666551	2.28186397772578	2.29693298966394	2.31137645900969	2.32518986631314	2.33836996693374	2.35091460879539	2.36565568741584	2.37689503097735	2.39025978357851	2.40019417324294	2.41218515034629	2.42347204082174	2.43405719464009	2.44394322067341	2.45566268530452	2.46412176440189	2.47433884831705	2.48378898950827	2.49247691762310	2.50040679640748	2.50758191973996	2.51624178022270
